[gd_scene load_steps=4 format=3 uid="uid://dmdr52go6p5sr"]

[ext_resource type="PackedScene" uid="uid://bpqhfhqwskdvw" path="res://weakpoint.tscn" id="1_7krcs"]
[ext_resource type="Script" path="res://enemy.gd" id="1_nscgq"]

[sub_resource type="SphereMesh" id="SphereMesh_h8pwk"]
radius = 20.0
height = 40.0

[node name="Enemy" type="Node3D"]
script = ExtResource("1_nscgq")

[node name="MeshInstance3D" type="MeshInstance3D" parent="."]
mesh = SubResource("SphereMesh_h8pwk")

[node name="weakpoint" parent="." instance=ExtResource("1_7krcs")]
transform = Transform3D(1, 0, 0, 0, 1, 0, 0, 0, 1, 0, 0, 20)

[node name="weakpoint2" parent="." instance=ExtResource("1_7krcs")]
transform = Transform3D(1, 0, 0, 0, 1, 0, 0, 0, 1, 0, 0, -20)

[node name="weakpoint5" parent="." instance=ExtResource("1_7krcs")]
transform = Transform3D(0.433013, -0.5, 0.75, 0.25, 0.866026, 0.433013, -0.866025, 0, 0.5, 15, 8.66025, 10)

[node name="weakpoint6" parent="." instance=ExtResource("1_7krcs")]
transform = Transform3D(0.433013, -0.5, 0.75, 0.25, 0.866026, 0.433013, -0.866025, 0, 0.5, -15, -8.66025, -10)

[node name="weakpoint3" parent="." instance=ExtResource("1_7krcs")]
transform = Transform3D(0.5, -0.433013, -0.75, -2.18557e-08, 0.866025, -0.5, 0.866025, 0.25, 0.433013, -15, -10, 8.66025)

[node name="weakpoint4" parent="." instance=ExtResource("1_7krcs")]
transform = Transform3D(0.5, -0.433013, -0.75, -2.18557e-08, 0.866025, -0.5, 0.866025, 0.25, 0.433013, 15, 10, -8.66025)
